{
    "camera_angle_x": 0.6911112070083618,
    "frames": [
        {
            "file_path": "./train/r_000",
            "rotation": 0.20943951023931956,
            "transform_matrix": [
                [
                    -1.0,
                    0.0,
                    0.0,
                    0.0
                ],
                [
                    0.0,
                    -0.7341099977493286,
                    0.6790306568145752,
                    2.737260103225708
                ],
                [
                    0.0,
                    0.6790306568145752,
                    0.7341099381446838,
                    2.959291696548462
                ],
                [
                    0.0,
                    0.0,
                    0.0,
                    1.0
                ]
            ]
        },
        {
            "file_path": "./train/r_001",
            "rotation": 0.20943951023931956,
            "transform_matrix": [
                [
                    -0.9135454297065735,
                    0.2985893785953522,
                    -0.27618664503097534,
                    -1.1133439540863037
                ],
                [
                    -0.4067366123199463,
                    -0.6706427931785583,
                    0.6203253865242004,
                    2.5006115436553955
                ],
                [
                    -1.4901160305669237e-08,
                    0.6790306568145752,
                    0.7341099381446838,
                    2.959291696548462
                ],
                [
                    0.0,
                    0.0,
                    0.0,
                    1.0
                ]
            ]
        },
        {
            "file_path": "./train/r_002",
            "rotation": 0.20943951023931956,
            "transform_matrix": [
                [
                    -0.6691305637359619,
                    0.5416746139526367,
                    -0.5087758898735046,
                    -2.050941228866577
                ],
                [
                    -0.7431448698043823,
                    -0.48772597312927246,
                    0.45810383558273315,
                    1.8466756343841553
                ],
                [
                    0.0,
                    0.6846254467964172,
                    0.7288950085639954,
                    2.938269853591919
                ],
                [
                    0.0,
                    0.0,
                    0.0,
                    1.0
                ]
            ]
        },
        {
            "file_path": "./train/r_003",
            "rotation": 0.20943951023931956,
            "transform_matrix": [
                [
                    -0.30901697278022766,
                    0.6783222556114197,
                    -0.6666239500045776,
                    -2.6872470378875732
                ],
                [
                    -0.9510565996170044,
                    -0.22040022909641266,
                    0.2165992259979248,
                    0.8731393814086914
                ],
                [
                    0.0,
                    0.7009298801422119,
                    0.7132302522659302,
                    2.8751230239868164
                ],
                [
                    0.0,
                    0.0,
                    0.0,
                    1.0
                ]
            ]
        },
        {
            "file_path": "./train/r_004",
            "rotation": 0.20943951023931956,
            "transform_matrix": [
                [
                    0.1045285165309906,
                    0.6833510994911194,
                    -0.7225683927536011,
                    -2.912766456604004
                ],
                [
                    -0.9945220351219177,
                    0.0718231275677681,
                    -0.07594502717256546,
                    -0.30614420771598816
                ],
                [
                    7.450581485102248e-09,
                    0.7265485525131226,
                    0.6871151328086853,
                    2.7698497772216797
                ],
                [
                    0.0,
                    0.0,
                    0.0,
                    1.0
                ]
            ]
        },
        {
            "file_path": "./train/r_005",
            "rotation": 0.20943951023931956,
            "transform_matrix": [
                [
                    0.5000001192092896,
                    0.5635521411895752,
                    -0.6575780510902405,
                    -2.6507818698883057
                ],
                [
                    -0.866025447845459,
                    0.3253670334815979,
                    -0.3796529173851013,
                    -1.5304298400878906
                ],
                [
                    1.4901162970204496e-08,
                    0.7593057751655579,
                    0.650734007358551,
                    2.62319278717041
                ],
                [
                    0.0,
                    0.0,
                    0.0,
                    1.0
                ]
            ]
        },
        {
            "file_path": "./train/r_006",
            "rotation": 0.20943951023931956,
            "transform_matrix": [
                [
                    0.80901700258255,
                    0.35541772842407227,
                    -0.4681556820869446,
                    -1.8871957063674927
                ],
                [
                    -0.5877851843833923,
                    0.48919060826301575,
                    -0.6443610787391663,
                    -2.5975022315979004
                ],
                [
                    1.4901159417490817e-08,
                    0.7964739799499512,
                    0.6046728491783142,
                    2.437513828277588
                ],
                [
                    0.0,
                    0.0,
                    0.0,
                    1.0
                ]
            ]
        },
        {
            "file_path": "./train/r_007",
            "rotation": 0.20943951023931956,
            "transform_matrix": [
                [
                    0.9781476259231567,
                    0.11437684297561646,
                    -0.17362365126609802,
                    -0.6998993158340454
                ],
                [
                    -0.20791161060333252,
                    0.5381009578704834,
                    -0.8168354034423828,
                    -3.292768716812134
                ],
                [
                    0.0,
                    0.8350839018821716,
                    0.5501224994659424,
                    2.2176146507263184
                ],
                [
                    0.0,
                    0.0,
                    0.0,
                    1.0
                ]
            ]
        },
        {
            "file_path": "./train/r_008",
            "rotation": 0.20943951023931956,
            "transform_matrix": [
                [
                    0.9781476259231567,
                    -0.10166832059621811,
                    0.18135838210582733,
                    0.7310790419578552
                ],
                [
                    0.20791180431842804,
                    0.47831159830093384,
                    -0.8532236814498901,
                    -3.4394547939300537
                ],
                [
                    7.450581485102248e-09,
                    0.8722851276397705,
                    0.48899737000465393,
                    1.9712114334106445
                ],
                [
                    0.0,
                    0.0,
                    0.0,
                    1.0
                ]
            ]
        },
        {
            "file_path": "./train/r_009",
            "rotation": 0.20943951023931956,
            "transform_matrix": [
                [
                    0.80901700258255,
                    -0.24917446076869965,
                    0.5323566198348999,
                    2.145998477935791
                ],
                [
                    0.5877853631973267,
                    0.3429591655731201,
                    -0.7327259182929993,
                    -2.9537129402160645
                ],
                [
                    0.0,
                    0.9056992530822754,
                    0.42392081022262573,
                    1.7088795900344849
                ],
                [
                    0.0,
                    0.0,
                    0.0,
                    1.0
                ]
            ]
        },
        {
            "file_path": "./train/r_010",
            "rotation": 0.20943951023931956,
            "transform_matrix": [
                [
                    0.49999991059303284,
                    -0.31009697914123535,
                    0.8086037039756775,
                    3.2595858573913574
                ],
                [
                    0.866025447845459,
                    0.1790345162153244,
                    -0.4668474495410919,
                    -1.8819222450256348
                ],
                [
                    1.4901161193847656e-08,
                    0.9336950778961182,
                    0.3580690920352936,
                    1.4434226751327515
                ],
                [
                    0.0,
                    0.0,
                    0.0,
                    1.0
                ]
            ]
        },
        {
            "file_path": "./train/r_011",
            "rotation": 0.20943951023931956,
            "transform_matrix": [
                [
                    0.10452833771705627,
                    -0.29328837990760803,
                    0.9502924084663391,
                    3.8307511806488037
                ],
                [
                    0.9945219159126282,
                    0.030825816094875336,
                    -0.09987963736057281,
                    -0.40262770652770996
                ],
                [
                    0.0,
                    0.9555268883705139,
                    0.2949039340019226,
                    1.188795804977417
                ],
                [
                    0.0,
                    0.0,
                    0.0,
                    1.0
                ]
            ]
        },
        {
            "file_path": "./train/r_012",
            "rotation": 0.20943951023931956,
            "transform_matrix": [
                [
                    -0.309017151594162,
                    -0.22621574997901917,
                    0.923761248588562,
                    3.7238006591796875
                ],
                [
                    0.9510565400123596,
                    -0.07350198179483414,
                    0.3001483678817749,
                    1.2099367380142212
                ],
                [
                    -7.450581485102248e-09,
                    0.9713000059127808,
                    0.23785732686519623,
                    0.9588335752487183
                ],
                [
                    0.0,
                    0.0,
                    0.0,
                    1.0
                ]
            ]
        },
        {
            "file_path": "./train/r_013",
            "rotation": 0.20943951023931956,
            "transform_matrix": [
                [
                    -0.6691307425498962,
                    -0.1412244290113449,
                    0.7296024560928345,
                    2.9411215782165527
                ],
                [
                    0.7431447505950928,
                    -0.12715908885002136,
                    0.6569371819496155,
                    2.6481986045837402
                ],
                [
                    7.450581485102248e-09,
                    0.981777012348175,
                    0.19003622233867645,
                    0.7660605311393738
                ],
                [
                    0.0,
                    0.0,
                    0.0,
                    1.0
                ]
            ]
        },
        {
            "file_path": "./train/r_014",
            "rotation": 0.20943951023931956,
            "transform_matrix": [
                [
                    -0.9135454893112183,
                    -0.06263694167137146,
                    0.4018845856189728,
                    1.6200484037399292
                ],
                [
                    0.40673649311065674,
                    -0.14068491756916046,
                    0.9026479125022888,
                    3.6386897563934326
                ],
                [
                    -3.7252898543727042e-09,
                    0.988071084022522,
                    0.15399880707263947,
                    0.6207889914512634
                ],
                [
                    0.0,
                    0.0,
                    0.0,
                    1.0
                ]
            ]
        },
        {
            "file_path": "./train/r_015",
            "rotation": 0.20943951023931956,
            "transform_matrix": [
                [
                    -1.0,
                    2.301322510334103e-08,
                    -1.7332445167994592e-07,
                    -6.986931566643761e-07
                ],
                [
                    -1.7484555314695172e-07,
                    -0.13162030279636383,
                    0.9913002848625183,
                    3.996058702468872
                ],
                [
                    0.0,
                    0.991300106048584,
                    0.13162031769752502,
                    0.5305784344673157
                ],
                [
                    0.0,
                    0.0,
                    0.0,
                    1.0
                ]
            ]
        },
        {
            "file_path": "./train/r_016",
            "rotation": 0.20943951023931956,
            "transform_matrix": [
                [
                    -0.9135453104972839,
                    0.050449494272470474,
                    -0.4035959541797638,
                    -1.626947283744812
                ],
                [
                    -0.4067367613315582,
                    -0.11331136524677277,
                    0.9064908623695374,
                    3.654181480407715
                ],
                [
                    -3.725290076417309e-09,
                    0.9922778606414795,
                    0.12403473258018494,
                    0.5
                ],
                [
                    0.0,
                    0.0,
                    0.0,
                    1.0
                ]
            ]
        },
        {
            "file_path": "./train/r_017",
            "rotation": 0.20943951023931956,
            "transform_matrix": [
                [
                    -0.6691303849220276,
                    0.0978129655122757,
                    -0.73667973279953,
                    -2.969650983810425
                ],
                [
                    -0.7431448698043823,
                    -0.08807116001844406,
                    0.6633091568946838,
                    2.673884630203247
                ],
                [
                    0.0,
                    0.991300106048584,
                    0.13162030279636383,
                    0.5305784344673157
                ],
                [
                    0.0,
                    0.0,
                    0.0,
                    1.0
                ]
            ]
        },
        {
            "file_path": "./train/r_018",
            "rotation": 0.20943951023931956,
            "transform_matrix": [
                [
                    -0.3090168237686157,
                    0.1464615911245346,
                    -0.9397113919258118,
                    -3.788097858428955
                ],
                [
                    -0.9510565996170044,
                    -0.047588225454092026,
                    0.3053305447101593,
                    1.230826735496521
                ],
                [
                    0.0,
                    0.988071084022522,
                    0.15399879217147827,
                    0.6207889914512634
                ],
                [
                    0.0,
                    0.0,
                    0.0,
                    1.0
                ]
            ]
        },
        {
            "file_path": "./train/r_019",
            "rotation": 0.20943951023931956,
            "transform_matrix": [
                [
                    0.10452869534492493,
                    0.18899518251419067,
                    -0.976398766040802,
                    -3.9359893798828125
                ],
                [
                    -0.994521975517273,
                    0.019864236935973167,
                    -0.10262386500835419,
                    -0.4136900305747986
                ],
                [
                    0.0,
                    0.9817770719528198,
                    0.19003622233867645,
                    0.7660605311393738
                ],
                [
                    0.0,
                    0.0,
                    0.0,
                    1.0
                ]
            ]
        },
        {
            "file_path": "./train/r_020",
            "rotation": 0.20943951023931956,
            "transform_matrix": [
                [
                    0.5000002384185791,
                    0.20599043369293213,
                    -0.8411704301834106,
                    -3.39086651802063
                ],
                [
                    -0.8660253286361694,
                    0.1189287081360817,
                    -0.4856502413749695,
                    -1.9577187299728394
                ],
                [
                    7.450581485102248e-09,
                    0.9713000059127808,
                    0.23785732686519623,
                    0.9588335752487183
                ],
                [
                    0.0,
                    0.0,
                    0.0,
                    1.0
                ]
            ]
        },
        {
            "file_path": "./train/r_021",
            "rotation": 0.20943951023931956,
            "transform_matrix": [
                [
                    0.8090168237686157,
                    0.17334023118019104,
                    -0.5616447925567627,
                    -2.2640626430511475
                ],
                [
                    -0.5877854228019714,
                    0.23858223855495453,
                    -0.7730373740196228,
                    -3.116213321685791
                ],
                [
                    0.0,
                    0.9555268883705139,
                    0.2949039340019226,
                    1.188795804977417
                ],
                [
                    0.0,
                    0.0,
                    0.0,
                    1.0
                ]
            ]
        },
        {
            "file_path": "./train/r_022",
            "rotation": 0.20943951023931956,
            "transform_matrix": [
                [
                    0.9781474471092224,
                    0.07444700598716736,
                    -0.19412676990032196,
                    -0.782550036907196
                ],
                [
                    -0.2079123854637146,
                    0.350244402885437,
                    -0.9132914543151855,
                    -3.68159556388855
                ],
                [
                    0.0,
                    0.9336950778961182,
                    0.3580690920352936,
                    1.4434226751327515
                ],
                [
                    0.0,
                    0.0,
                    0.0,
                    1.0
                ]
            ]
        },
        {
            "file_path": "./train/r_023",
            "rotation": 0.20943951023931956,
            "transform_matrix": [
                [
                    0.9781478643417358,
                    -0.08813761174678802,
                    0.18830442428588867,
                    0.7590793967247009
                ],
                [
                    0.20791053771972656,
                    0.41465726494789124,
                    -0.885907769203186,
                    -3.5712084770202637
                ],
                [
                    0.0,
                    0.9056992530822754,
                    0.4239208400249481,
                    1.7088795900344849
                ],
                [
                    0.0,
                    0.0,
                    0.0,
                    1.0
                ]
            ]
        },
        {
            "file_path": "./train/r_024",
            "rotation": 0.20943951023931956,
            "transform_matrix": [
                [
                    0.8090180158615112,
                    -0.287424772977829,
                    0.5127152800559998,
                    2.066821336746216
                ],
                [
                    0.5877839922904968,
                    0.3956076204776764,
                    -0.7056944370269775,
                    -2.84474515914917
                ],
                [
                    0.0,
                    0.8722851276397705,
                    0.48899737000465393,
                    1.9712114334106445
                ],
                [
                    0.0,
                    0.0,
                    0.0,
                    1.0
                ]
            ]
        },
        {
            "file_path": "./train/r_025",
            "rotation": 0.20943951023931956,
            "transform_matrix": [
                [
                    0.500001847743988,
                    -0.47641947865486145,
                    0.7232030630111694,
                    2.9153246879577637
                ],
                [
                    0.866024374961853,
                    0.2750622630119324,
                    -0.41754350066185,
                    -1.6831716299057007
                ],
                [
                    -1.4901161193847656e-08,
                    0.8350839614868164,
                    0.5501224994659424,
                    2.2176146507263184
                ],
                [
                    0.0,
                    0.0,
                    0.0,
                    1.0
                ]
            ]
        },
        {
            "file_path": "./train/r_026",
            "rotation": 0.20943951023931956,
            "transform_matrix": [
                [
                    0.10453100502490997,
                    -0.601360023021698,
                    0.7921106219291687,
                    3.1930999755859375
                ],
                [
                    0.9945216178894043,
                    0.06320703774690628,
                    -0.08325622975826263,
                    -0.3356165885925293
                ],
                [
                    3.725290298461914e-09,
                    0.7964739799499512,
                    0.6046727299690247,
                    2.437513828277588
                ],
                [
                    0.0,
                    0.0,
                    0.0,
                    1.0
                ]
            ]
        },
        {
            "file_path": "./train/r_027",
            "rotation": 0.20943951023931956,
            "transform_matrix": [
                [
                    -0.30901411175727844,
                    -0.6188855767250061,
                    0.7221434116363525,
                    2.911052942276001
                ],
                [
                    0.9510574340820312,
                    -0.20108604431152344,
                    0.23463621735572815,
                    0.9458487033843994
                ],
                [
                    -1.4901159417490817e-08,
                    0.7593056559562683,
                    0.6507341265678406,
                    2.62319278717041
                ],
                [
                    0.0,
                    0.0,
                    0.0,
                    1.0
                ]
            ]
        },
        {
            "file_path": "./train/r_028",
            "rotation": 0.20943951023931956,
            "transform_matrix": [
                [
                    -0.6691280007362366,
                    -0.5106276273727417,
                    0.5399324893951416,
                    2.17653751373291
                ],
                [
                    0.7431471943855286,
                    -0.4597679376602173,
                    0.4861539602279663,
                    1.9597493410110474
                ],
                [
                    -1.4901162970204496e-08,
                    0.7265484929084778,
                    0.6871151328086853,
                    2.7698497772216797
                ],
                [
                    0.0,
                    0.0,
                    0.0,
                    1.0
                ]
            ]
        },
        {
            "file_path": "./train/r_029",
            "rotation": 0.20943951023931956,
            "transform_matrix": [
                [
                    -0.9135439395904541,
                    -0.2900994122028351,
                    0.2850963771343231,
                    1.1492602825164795
                ],
                [
                    0.4067402482032776,
                    -0.6515671014785767,
                    0.6403301954269409,
                    2.5812535285949707
                ],
                [
                    1.4901161193847656e-08,
                    0.7009298801422119,
                    0.7132302522659302,
                    2.8751230239868164
                ],
                [
                    0.0,
                    0.0,
                    0.0,
                    1.0
                ]
            ]
        }
    ]
}